{
  "_meta": {
    "source": "NTS microdata (UKDS SN 5340) via analysis/nts_microdata.py",
    "years": [
      2023,
      2024
    ],
    "vehicle_mode_codes_B04": [
      3,
      5,
      12
    ],
    "trip_count_measure": "JJXSC (short walks \u00d77, series-of-calls \u00d70)",
    "weights": "trips W5, persons W2",
    "purpose_mapping": "purpose_mapping.B01_COMPONENT (23-cat; res iff endpoint=home)",
    "units": "vehicle-driver trips per person per day (per-capita); school_* converted from per-student behaviour via island students_L/pop (see derive_school_generation)",
    "judgment_allocations": [
      "Business / Other-work -> retail (commercial premises, not the jobs count)",
      "Personal business -> retail",
      "Escorts routed by destination (commuting->commute, shopping/business->retail, education->school, home->res)"
    ],
    "school_source": "analysis/derive_school_generation.py (per-student escort + self-drive; England age->level split; see that module)",
    "retail_preschool_fudge_percapita": 0.005696937207157159,
    "stat_cov": {
      "components": [
        "res",
        "commute",
        "retail",
        "school_primary",
        "school_postprimary",
        "school_tertiary"
      ],
      "space": "log-rate (relative; Var(K_c)\u2248Var(log \u03c1\u0302_c))",
      "cluster": "PSU within SurveyYear (region degenerate in 2023/24)",
      "n_boot": 500,
      "seed": 20260713,
      "cov": [
        [
          0.00033279614216896416,
          9.778718137092712e-05,
          0.00017569264459503902,
          1.9194347338956868e-05,
          9.790667327479874e-05,
          -5.4493289960227625e-06
        ],
        [
          9.778718137092712e-05,
          0.0002987320634141884,
          7.608823722796422e-05,
          9.929937442796467e-05,
          -1.5167846862511329e-05,
          -3.9448497858891875e-05
        ],
        [
          0.00017569264459503902,
          7.608823722796422e-05,
          0.00022048219791190952,
          9.42102969923308e-05,
          9.05442892944882e-05,
          1.2273885453505474e-05
        ],
        [
          1.9194347338956868e-05,
          9.929937442796467e-05,
          9.42102969923308e-05,
          0.003923417231651809,
          -0.0004395093815736667,
          8.487139138433748e-05
        ],
        [
          9.790667327479874e-05,
          -1.5167846862511329e-05,
          9.05442892944882e-05,
          -0.0004395093815736667,
          0.004369314968500867,
          -0.00248257469864644
        ],
        [
          -5.4493289960227625e-06,
          -3.9448497858891875e-05,
          1.2273885453505474e-05,
          8.487139138433748e-05,
          -0.00248257469864644,
          0.0958672894715669
        ]
      ]
    }
  },
  "rates": {
    "commute": 0.20043195346898554,
    "res": 0.15876885054371953,
    "school_primary": 0.03814228062556845,
    "school_postprimary": 0.027572488275197978,
    "school_tertiary": 0.0024906077101186355,
    "retail": 0.5812234108268276
  }
}